0.00567516785725854
0.0137509953466667
0.0291966948235485
0.0544817074353342
0.0896322913419973
0.130464392846128
0.168663369060821
0.194499921042227
0.200997528282758
0.186996578165884
0.157255742457891
0.119876532020553
0.0829197616353105
0.0519920237872272
0.0294676370172443
0.0150357659124117
0.00687509065333564
0.00280414964956389
0.00101583978977834
0.000325583930992608
0.0121325545828861
0.0287202723454183
0.059564403413902
0.108593962869853
0.174684897709338
0.248949781188067
0.315739527838359
0.358121261150676
0.36512779409781
0.336326269654597
0.281111135076358
0.213850562709888
0.148227771839906
0.0935112480862571
0.0535302766820359
0.0276844711404802
0.0128702390377802
0.00535082735180368
0.0019797761176207
0.000648960008369703
0.0227570225430592
0.0525281893712036
0.106187102776959
0.188693255452665
0.295985675301019
0.411782005530481
0.510766338535626
0.568068444104062
0.569857915719083
0.518568182580159
0.430184926320654
0.326422927519898
0.226833252586398
0.144181297585506
0.0835451378695078
0.0439143836254937
0.0208199616766725
0.00885067826795382
0.00335452794604969
0.00112763521471839
0.037737494268296
0.0847081975682677
0.166448551204238
0.287433099332311
0.438227939736931
0.593054729137594
0.716733916590133
0.778727238063075
0.765957781411367
0.686673250863801
0.564331431997007
0.426849790793021
0.297567688741386
0.19092077696359
0.112294743452823
0.0601993070145939
0.0292156541062605
0.0127468819239038
0.00496661829695739
0.00171770678239249
0.0559432519034999
0.121701512070704
0.231620467567028
0.387219272037191
0.571461722629745
0.748944261673949
0.877747271301012
0.927178038539812
0.890183235551843
0.783259898241462
0.636125187370627
0.479201628471401
0.335423992043496
0.2177754676603
0.130507059903622
0.0716752576140481
0.0357789133142263
0.0160975093901126
0.00647661180464089
0.0023140312350819
0.0752210380847398
0.158067004159584
0.290260861254049
0.467743774550466
0.664937124017825
0.839333753598953
0.948223717048407
0.967713414708006
0.901398938885959
0.774397348318728
0.619315928829321
0.464060031608129
0.326560597360885
0.215311348204651
0.132151360097592
0.0748088343475019
0.0386516885714519
0.0180403050953339
0.0075360071483704
0.00279524750571021
0.0932172869958958
0.188977675452854
0.334082036761651
0.517239341099181
0.705191703277217
0.852605958674483
0.922314267938404
0.902526519707757
0.809196548400231
0.673926678240153
0.528035563503867
0.392831957770604
0.278429152260891
0.187376754321281
0.118633847727323
0.069769578349203
0.0375955623218628
0.0183255725801976
0.00799222892648441
0.00309103414460663
0.107951888061958
0.211880193192468
0.361529166752219
0.538530585371299
0.704159139033453
0.814094405904759
0.840236039350429
0.78398620347677
0.671784969053767
0.538336627836752
0.41083090396004
0.302771841234093
0.216628023220887
0.149677662738806
0.0984883535178041
0.0606058499708998
0.0342498728259768
0.0174978206177847
0.00798052644930109
0.00321827110783997
0.117819332285772
0.226133294729019
0.37626270337071
0.544893250924964
0.690417951982595
0.770906794644021
0.766048302760708
0.686652727964106
0.565276254369304
0.437061626119209
0.325143486604958
0.237393509156156
0.171445697213737
0.121519434657868
0.0828734344175068
0.0530815109099491
0.0312258171744133
0.0165695633182997
0.00782479189921813
0.00325629454286192
0.121548472827273
0.231671985899928
0.382560381921015
0.549512657961118
0.690319848038008
0.764026439423871
0.752547454717505
0.668843287296485
0.546354281528172
0.419710546716524
0.310866272125782
0.22661220414171
0.163917430182429
0.116695187380797
0.0800993414617555
0.0517047567216983
0.0306754928525953
0.0164216797060852
0.00782368004668205
0.00328390022507137
0.118525210856442
0.228206091490512
0.381483957562139
0.556193485248048
0.711478445759217
0.804812880029983
0.813406626408125
0.744376301306383
0.627128928397383
0.495826524351715
0.375066671437637
0.275561330825848
0.197769814360109
0.137858268323841
0.0919414670564022
0.0575438167646336
0.0331562468230027
0.0172983272007582
0.0080634791764299
0.00332382500189563
0.109058839074828
0.215130730281915
0.369717080163682
0.55625148858236
0.73718597379831
0.867265556184643
0.914502841754659
0.874507676478924
0.768781652348893
0.63049109508163
0.48911989347246
0.362626199493193
0.257909214276772
0.175300042036275
0.112708742592422
0.0676035889458766
0.0372771513743991
0.0186406601249605
0.00835483321288218
0.00332417163114949
0.0942152293917622
0.191908111157037
0.341463633446584
0.533215152496213
0.734966172273524
0.900541002307274
0.989267538555561
0.984133758505907
0.896641341704749
0.757006099789005
0.598614930481842
0.446792070720204
0.315645117762131
0.210475932411936
0.131453863227815
0.0760782047627884
0.0403247251957782
0.0193558692985003
0.00832967528508042
0.00318650595928161
0.0756158578673369
0.159226383691342
0.293181270698959
0.474064346167341
0.676716911533378
0.858298479002218
0.974712696631525
1
0.935995058285984
0.807266378926187
0.647239514841411
0.485408478324015
0.341284492717175
0.224450164743262
0.137223392064328
0.0773047404433
0.0397314377603977
0.0184479253427708
0.00766951234715839
0.00283301938640223
0.0555176899830406
0.120451858933188
0.228472664172455
0.380406557187939
0.558764717011775
0.728502872160718
0.849195761170877
0.892377499540592
0.852893333522446
0.747831562566552
0.6060273670151
0.456190912231514
0.319553639389819
0.207925068849698
0.125040100648954
0.0689850109794266
0.0346150908344114
0.0156581503129756
0.00633271139414537
0.00227331829516567
0.0366624969836691
0.0815514918928509
0.158496993654041
0.270223735402431
0.406154471914723
0.541418440352623
0.644610931928431
0.69081879717782
0.671761046463048
0.597178954456188
0.488302366425403
0.368723214410202
0.257478138458408
0.16603802438446
0.0984848462994527
0.0534035678091841
0.0262757622939515
0.0116370321178197
0.00460311643482543
0.0016148632295391
0.0214519774250781
0.0486959533371972
0.0965339236390851
0.16780111302456
0.257048532671279
0.349095627105924
0.423209141533352
0.461347726528986
0.4555032184263
0.409922238739982
0.337885752854993
0.255857349524334
0.17816459767252
0.113973672654994
0.0667799430940773
0.0356643662534298
0.0172509373526918
0.00750332224032893
0.00291323722156469
0.00100278329324234
0.0109949711559273
0.0253797838516382
0.0511499076593819
0.090382672966987
0.140744118545132
0.19430723725659
0.239417556399672
0.265094807157756
0.26544694272893
0.241621631925231
0.200655671422381
0.152339867841573
0.105804215382293
0.0671798262715864
0.0389163698802776
0.020493085260197
0.00975918726996544
0.00417636229605896
0.0015951112445615
0.000540128922962622
0.0048974079493535
0.0114671206332085
0.0234437475776495
0.0420307426779174
0.0664271560953016
0.0931055680525396
0.116482431759388
0.130898215377709
0.132846245534363
0.122247506956674
0.102248757898294
0.0778219879385833
0.0539149954075824
0.0339893668213666
0.0194761844882157
0.010119052564265
0.00474808064327232
0.00200117396272944
0.000752846404717663
0.000251176680537401
0.00188603949922805
0.00447225293482337
0.009262006790562
0.0168282338434481
0.0269681300256158
0.0383488545406975
0.0486894870726627
0.0555093809107133
0.0570786227509996
0.0530842051861075
0.0447082865207544
0.034109677767239
0.0235743407743397
0.0147593891066487
0.0083681234841084
0.00429113828347097
0.00198469080365787
0.000824254991538579
0.000305640959589089
0.000100565910731
